l=1
g=9.81
b=0.5