r=1000;
c=1e-6;
